mfg=TDK
Vroc  Cr  I  Im  Is ESR  L   f Rth Hc  Ht   Wt  Ordering code
  V   uF  A  kA  kA  mO nH kHz K/W mm  mm   kg  Part Number
 600 200 55 2.9 8.7 0.9 30  65 6.8 50 74.5 0.40 B25631B0207K600
 600 300 60 2.9 8.7 1.2 35  49 4.5 65 89.5 0.49 B25631B0307K600
 600 300 60 2.9 8.7 1.2 35  49 4.5 65 69.5 0.46 B25632B0307K600
 700 150 55 2.5 7.5 0.9 30  75 6.8 50 74.5 0.40 B25631B0157K700
 700 220 60 2.4 7.3 1.2 35  57 4.5 65 89.5 0.49 B25631B0227K700
 800 120 55 2.2 6.7 1.0 30  84 6.8 50 74.5 0.40 B25631B0127K800
 800 180 60 2.2 6.7 1.3 35  63 4.5 65 89.5 0.49 B25631B0187K800
 800 180 60 2.2 6.7 1.3 35  63 4.5 65 69.5 0.46 B25632B0187K800
 900 100 55 2.7 8.1 1.0 30  92 6.8 50 74.5 0.40 B25631B0107K900
 900 150 60 2.5 7.5 1.3 35  69 4.5 65 89.5 0.49 B25631B0157K900
1100  80 50 2.3 6.9 1.1 30 103 6.8 50 74.5 0.40 B25631B1806K100
1100 120 55 2.2 6.6 1.4 35  78 4.5 65 89.5 0.49 B25631B1127K100
1100 120 55 2.2 6.6 1.4 35  78 4.5 65 69.5 0.46 B25632B1127K100
1200  60 50 2.1 6.3 1.3 30 119 6.8 50 74.5 0.40 B25631B1606K200
1200  95 55 2.2 6.6 1.6 35  87 4.5 65 89.5 0.49 B25631B1956K200
1300  50 50 2.0 6.0 1.4 30 130 6.8 50 74.5 0.40 B25631B1506K300
1300  80 55 2.0 6.0 1.7 35  95 4.5 65 89.5 0.49 B25631B1806K300
1400  45 50 1.7 5.1 1.5 30 137 6.8 50 74.5 0.40 B25631B1456K400*
1400  70 55 1.8 5.4 1.7 35 102 4.5 65 89.5 0.49 B25631B1706K400*
1500  40 45 1.6 4.8 1.6 30 145 6.8 50 74.5 0.40 B25631B1406K500*
1500  60 50 1.6 4.8 1.9 35 110 4.5 65 89.5 0.49 B25631B1606K500*
1600  35 45 1.5 4.5 1.7 30 155 6.8 50 74.5 0.40 B25631B1356K600*
1600  55 50 1.6 4.8 2.3 35 115 4.5 65 89.5 0.49 B25631B1556K600*
2000  20 45 1.2 3.6 1.8 30 205 6.8 50 74.5 0.40 B25631B2206K000*
2000  30 50 1.3 3.9 2.5 35 155 4.5 65 89.5 0.49 B25631B2306K000*
