mfg=CDE
dia=85

Rated H Typical ESR Typical Max Irms Thermal Resistance
Voltage Height 10kHz ESL 55°C
Part Number (uF) (Vdc) mm (mo) (nH) (A) Occ Oca
(°C/W) (°C/W)
944U101K801AA* 100  800 40 0.5 20 74 2.8 5.2
944U161K801AB* 160  800 51 0.8 30 73 3.0 4.5
944U221K801AC* 220  800 64 1.0 40 72 3.1 4.0
944U660K102AA*  66 1000 40 0.6 20 70 2.8 5.2
944U101K102AB* 100 1000 51 0.8 30 68 3.0 4.5
944U141K102AC* 140 1000 64 1.0 40 65 3.1 4.0
944U470K122AA*  47 1200 40 0.7 20 67 2.8 5.2
944U700K122AB*  70 1200 51 1.0 30 65 3.0 4.5
944U101K122AC* 100 1200 64 1.3 40 64 3.1 4.0
944U330K142AA*  33 1400 40 0.8 20 64 2.8 5.2
944U520K142AB*  52 1400 51 1.1 30 60 3.0 4.5
944U700K142AC*  70 1400 64 1.4 40 59 3.1 4.0
