mfg=Kemet

2     900 11 20 31.5 27.5  0   70  140 17 21.9  5.2 44 256 C4AQOBU4200M1WJ
3.5   900 13 25 31.5 27.5  0   70  245 22 13.2  7.4 36 234 C4AQOBU4350M1XJ
4.4   900 14 28 31.5 27.5  0   70  308 24 10.9  8.6 33  96 C4AQOBU4440M1YJ
5.2   900 16 30 32   27.5  0   70  364 25  9.5  9.7 29  88 C4AQ0BU4520M18J
6.3   900 19 29 31.5 27.5  0   70  441 25  8.1 10.6 29  72 C4AQOBU4630M11J
7     900 18 33 32   27.5  0   70  490 27  7.6 11.4 27  80 C4AQOBU4700M1EJ
10    900 22 37 31.5 27.5  0   70  700 28  6.0 13.8 23  64 C4AQ0BU5100M12J
14    900 20 40 42   37.5 10.2 35  490 12  6.0 14.8 20  58 C4AQOBW5140M3FJ
18    900 28 37 42   37.5 10.2 35  630 10  4.7 17.5 18  36 C4AQOBW5180M3JJ
20    900 24 44 41.5 37.5 10.2 35  700 13  4.3 18.9 17  44 C4AQOBW5200M3HJ
25    900 30 45 42   37.5 20.3 35  875 13  3.5 22.4 15  36 C4AQOBW5250M3LJ
28    900 35 46 42   37.5 20.3 35  980 13  3.1 24.8 14  30 C4AQOBW5280M36J
33    900 35 50 42   37.5 20.3 35 1155 13  2.7 27.6 13  30 C4AQOBW5330M30J
40    900 38 57 42   37.5 20.3 35 1400 17  2.3 32.4 11  24 C4AQOEWS400M3CJ
36    900 30 45 57.5 52.5 20.3 15  540 13  4.8 21.2 12  27 C4AQOBW5360M3MJ
45    900 35 50 57.5 52.5 20.3 15  675 15  3.9 25.4 10  23 C4AQOBW5450M3NJ
65    900 45 56 57.5 52.5 20.3 15  975 17  2.8 33.5  8  18 C4AQOEWS650M3AJ
80    900 45 65 57.5 52.5 20.3 15 1200 19  2.4 38.7  7  18 C4AQOEWS800M3BJ

1.7  1000 11 20 31.5 27.5  0   75  128 17 23.3  5.1 44 256 C4AQNBU4170M1WJ
2.7  1000 13 25 31.5 27.5  0   75  203 22 15.3  6.9 36 234 C4AQNBU4270M1XJ
3.3  1000 14 28 31.5 27.5  0   75  248 24 12.9  7.9 33  96 C4AQNBU4330M1YJ
4    1000 16 30 32   27.5  0   75  300 25 11.0  9.0 29  88 C4AQNBU4400M18J
5    1000 19 29 31.5 27.5  0   75  375 25  9.1 10.1 29  72 C4AQNBU4500M11J
5.5  1000 18 33 32   27.5  0   75  413 27  8.5 10.8 27  80 C4AQNBU4550M1EJ
8    1000 22 37 31.5 27.5  0   75  600 28  6.6 13.2 23  64 C4AQNBU4800M12J
12   1000 20 40 42   37.5 10.2 37  444 12  6.3 14.4 20  58 C4AQNBW5120M3FJ
14   1000 28 37 42   37.5 10.2 37  518 10  5.4 16.3 18  36 C4AQNBW5140M3JJ
15   1000 24 44 41.5 37.5 10.2 37  555 13  5.1 17.3 17  44 C4AQNBWS150M3HJ
20   1000 30 45 42   37.5 20.3 37  740 13  3.9 21.2 15  36 C4AQNBW5200M3LJ
22   1000 35 46 42   37.5 20.3 37  814 13  3.6 23.3 14  30 C4AQNBW5220M36J
25   1000 35 50 42   37.5 20.3 37  925 13  3.2 25.5 13  30 C4AQNBW5250M30J
33   1000 38 57 42   37.5 20.3 37 1221 17  2.5 31.1 11  24 C4AQNEW5330M3CJ
30   1000 30 45 57.5 52.5 20.3 17  510 13  5.2 20.4 12  27 C4AQNBW5300M3MJ
40   1000 35 50 57.5 52.5 20.3 17  680 15  4.0 25.2 10  23 C4AQNBW5400M3NJ
55   1000 45 56 57.5 52.5 20.3 17  935 17  3.0 32.5  8  18 C4AQNEWS550M3AJ
65   1000 45 65 57.5 52.5 20.3 17 1105 19  2.6 37.0  7  18 C4AQNEWS650M3BJ

1.4  1100 11 20 31.5 27.5  0   80  112 17 25.9  4.8 44 256 C4AQQBU4140M1WJ
2.2  1100 13 25 31.5 27.5  0   80  176 22 17.1  6.5 36 234 C4AQQBU4220M1XJ
2.7  1100 14 28 31.5 27.5  0   80  216 24 14.3  7.5 33  96 C4AQQBU4270M1YJ
3.3  1100 16 30 32   27.5  0   80  264 25 12.0  8.6 29  88 C4AQQBU4330M18J
4    1100 19 29 31.5 27.5  0   80  320 25 10.2  9.5 29  72 C4AQQBU4400M11J
4.4  1100 18 33 32   27.5  0   80  352 27  9.5 10.2 27  80 C4AQQBU4440M1EJ
6.6  1100 22 37 31.5 27.5  0   80  528 28  7.1 12.6 23  64 C4AQQBU4660M12J
9    1100 20 40 42   37.5 10.2 40  360 12  7.6 13.1 20  58 C4AQQBW4900M3FJ
12   1100 28 37 42   37.5 10.2 40  480 10  5.7 15.8 18  36 C4AQQBW5120M3JJ
13   1100 24 44 41.5 37.5 10.2 40  520 13  5.4 16.9 17  44 C4AQQBW5130M3HJ
16   1100 30 45 42   37.5 20.3 40  640 13  4.4 19.9 15  36 C4AQQBW5160M3LJ
18   1100 35 46 42   37.5 20.3 40  720 13  3.9 22.1 14  30 C4AQQBW5180M36J
20   1100 35 50 42   37.5 20.3 40  800 13  3.6 24.0 13  30 C4AQQBW5200M30J
27   1100 38 57 42   37.5 20.3 40 1080 17  2.8 29.6 11  24 C4AQQEW5270M3CJ
24   1100 30 45 57.5 52.5 20.3 20  480 13  5.9 19.2 12  27 C4AQQBW5240M3MJ
30   1100 35 50 57.5 52.5 20.3 20  600 15  4.8 23.0 10  23 C4AQQBW5300M3NJ
45   1100 45 56 57.5 52.5 20.3 20  900 17  3.3 31.0  8  18 C4AQQEW5450M3AJ
55   1100 45 65 57.5 52.5 20.3 20 1100 19  2.8 35.8  7  18 C4AQQEW5550M3BJ

1.5   900 11 20 31.5 27.5  0   70 105 17 28.9  4.8 44 256 C4AQOBU4150P1WJ
2.7   900 13 25 31.5 27.5  0   70 189 22 16.8  6.9 36 234 C4AQOBU4270P1XJ
3.3   900 14 28 31.5 27.5  0   70 231 24 14.2  7.9 33  96 C4AQOBU4330P1YJ
5     900 19 29 31.5 27.5  0   70 350 25 10.0 10.1 29  72 C4AQOBU4500P11J
8     900 22 37 31.5 27.5  0   70 560 28  7.3 13.2 23  64 C4AQOBU4800P12J
12    900 20 40 42   37.5 10.2 35 420 12  6.9 14.4 20  58 C4AQOBW5120P3FJ
14    900 28 37 42   37.5 10.2 35 490 10  5.9 16.3 18  36 C4AQOBW5140P3JJ
20    900 30 45 42   37.5 20.3 35 700 13  4.3 21.2 15  36 C4AQOBW5200P3LJ
25    900 35 50 42   37.5 20.3 35 875 14  3.5 25.5 13  30 C4AQOBW5250P30J
30    900 30 45 57.5 52.5 20.3 15 450 13  5.7 20.4 12  27 C4AQOBW5300P3MJ
40    900 35 50 57.5 52.5 20.3 15 600 15  4.4 25.2 10  23 C4AQOBW5400P3NJ
55    900 45 56 57.5 52.5 20.3 15 825 17  3.3 32.5  8  18 C4AQOEWS550P3AJ
65    900 45 65 57.5 52.5 20.3 15 975 19  2.9 37.0  7  18 C4AQOEWS650P3BJ

1    1100 11 20 31.5 27.5  0   80  80 17 36.4  4.2 44 256 C4AQQBU4100P1WJ
1.8  1100 13 25 31.5 27.5  0   80 144 22 21.0  6.2 36 234 C4AQQBU4180P1XJ
2.2  1100 14 28 31.5 27.5  0   80 176 24 17.6  7.1 33  96 C4AQQBU4220P1YJ
3.3  1100 19 29 31.5 27.5  0   80 264 25 12.3  9.1 29  72 C4AQQBU4330P11J
5    1100 22 37 31.5 27.5  0   80 400 28  9.0 11.8 23  64 C4AQQBU4500P12J
8    1100 20 40 42   37.5 10.2 40 320 12  8.7 12.9 20  58 C4AQQBW4800P3FJ
10   1100 28 37 42   37.5 10.2 40 400 10  6.9 15.0 18  36 C4AQQBW5100P3JJ
12   1100 30 45 42   37.5 20.3 40 480 13  5.8 18.1 15  36 C4AQQBW5120P3LJ
18   1100 35 50 42   37.5 20.3 40 720 14  4.1 23.7 13  30 C4AQQBW5180P30J
20   1100 30 45 57.5 52.5 20.3 20 400 13  7.2 18.3 12  27 C4AQQBW5200P3MJ
25   1100 35 50 57.5 52.5 20.3 20 500 15  5.7 22.0 10  23 C4AQQBW5250P3NJ
27   1100 35 50 57.5 52.5 20.3 20 540 15  5.4 22.8 10  23 C4AQQBW5270P3NJ
38   1100 45 56 57.5 52.5 20.3 20 760 17  4.0 29.8  8  18 C4AQQEW5380P3AJ
45   1100 45 65 57.5 52.5 20.3 20 900 19  3.4 34.0  7  18 C4AQQEW5450P3BJ

