mfg=TDK
Vrdc  Cr Im  Ix  Is ESR  L  fr Rth Hc  Ht   Wt  Ordering Code
Vrdc  uF  A  kA  kA  mQ nH kHz K/W mm  mm   kg  Part Number
 600 180 55 1.4 4.2 0.9 13 104 6.8 50 54.5 0.39 B25632E0187K600
 600 180 55 1.4 4.2 0.9 13 104 6.8 50 74.5 0.42 B25631E0187K600
 600 270 60 1.4 4.2 1.2 15  79 4.5 65 69.5 0.46 B25632E0277K600
 600 270 60 1.4 4.2 1.2 15  79 4.5 65 89.5 0.49 B25631E0277K600
 700 140 55 1.5 4.6 0.9 13 118 6.8 50 54.5 0.39 B25632E0147K700
 700 210 60 1.5 4.6 1.2 15  90 4.5 65 69.5 0.46 B25632E0217K700
 800 110 55 2.1 6.2 1.0 13 133 6.8 50 54.5 0.39 B25632E0117K800
 800 110 55 2.1 6.2 1.0 13 133 6.8 50 74.5 0.42 B25631E0117K800
 800 160 60 2.0 5.9 1.3 15 103 4.5 65 69.5 0.46 B25632E0167K800
 800 160 60 2.0 5.9 1.3 15 103 4.5 65 89.5 0.49 B25631E0167K800
 900  90 55 2.5 7.5 1.0 13 147 6.8 50 54.5 0.39 B25632E0906K900
 900 130 60 2.4 7.2 1.3 15 114 4.5 65 69.5 0.46 B25632E0137K900
1000 110 50 2.1 6.2 1.2 13 133 6.8 50 54.5 0.39 B25632E1117K000
1000 110 50 2.1 6.2 1.2 13 133 6.8 50 74.5 0.42 B25631E1117K000
1000 160 55 2.0 5.9 1.4 15 103 4.5 65 69.5 0.46 B25632E1167K000
1000 160 55 2.0 5.9 1.4 15 103 4.5 65 89.5 0.49 B25631E1167K000
1100  72 50 2.2 6.6 1.1 13 165 6.8 50 54.5 0.39 B25632E1726K100
1100 110 55 2.2 6.7 1.4 15 124 4.5 65 69.5 0.46 B25632E1117K100
1200  55 50 2.0 6.1 1.3 13 188 6.8 50 54.5 0.39 B25632E1556K200
1200  85 55 2.0 6.0 1.6 15 141 4.5 65 69.5 0.46 B25632E1856K200
1300  48 50 1.9 5.8 1.4 13 201 6.8 50 54.5 0.39 B25632E1486K300
1300  75 55 1.9 5.8 1.7 15 150 4.5 65 69.5 0.46 B25632E1756K300
1400  40 50 1.7 5.2 1.5 13 221 6.8 50 54.5 0.39 B25632E1406K400*
1400  65 55 1.8 5.4 1.7 15 161 4.5 65 69.5 0.46 B25632E1656K400*
1500  36 45 1.7 5.0 1.6 13 233 6.8 50 54.5 0.39 B25632E1366K500*
1500  56 50 1.7 5.0 1.9 15 174 4.5 65 69.5 0.46 B25632E1566K500*
1600  30 45 1.5 4.4 1.7 13 255 6.8 50 54.5 0.39 B25632E1306K600*
1600  48 50 1.5 4.5 2.3 15 188 4.5 65 69.5 0.46 B25632E1486K600*
2000  20 40 1.2 3.7 1.8 13 312 6.8 50 54.5 0.39 B25632E2206K000*
2000  30 45 1.2 3.5 2.5 15 237 4.5 65 69.5 0.46 B25632E2306K000*
